label	word	Logistic Regression	Logistic Regression(ambiguous)	Logistic Regression(lang1)	Logistic Regression(lang2)	Logistic Regression(mixed)	Logistic Regression(ne)	Logistic Regression(other)
discrete	string	discrete	continuous	continuous	continuous	continuous	continuous	continuous
class	meta	meta	meta	meta	meta	meta	meta	meta
lang1	doing	lang1	0.0008977840302094168	0.968319267596806	0.012795418151671033	1.4622078109496018e-06	0.017496214251268013	0.0004898537622347486
ne	yolli	ne	7.5664457308372046e-06	0.4611497714088954	0.021737976403720674	1.9762709844618237e-05	0.5130447655718144	0.00404015745999415
lang1	terms	lang1	1.1385311201333139e-06	0.8514638395346039	0.019749272281241077	7.322168404673075e-05	0.11816809804710865	0.010544429921879487
lang2	entres	lang2	1.541477339223758e-07	0.3435781835621978	0.6475829915151168	9.417015844639858e-05	0.003526530594310783	0.005217970022194219
lang1	#gotyounexttime	lang1	1.3571744247075982e-08	0.949085759100018	2.1747773180011676e-07	4.359615771795032e-07	0.05038116595289522	0.0005324079360333955
lang2	opcion	lang1	0.09997774754066527	0.5830915065706789	0.24974256523543373	0.026351303827630197	0.04062647991816633	0.00021039690742564245
ne	torres	lang2	2.470235022829972e-06	0.07988949989929424	0.8284611342991277	0.0002793448199908887	0.08826127086796501	0.003106279878599366
lang1	public	lang1	2.2149484611327163e-05	0.7392095006875659	0.1838935972966602	2.2048877678520237e-05	0.06844741096787386	0.00840529268561014
lang2	echarlas	lang2	0.001205009212346678	0.025015360384904144	0.9086470078212903	5.578525521576506e-05	0.06502894879473693	4.788853150633724e-05
lang1	jam	ne	0.002041471850784596	0.3248957864784327	0.158854962358658	0.00038405129891489127	0.361674074706989	0.15214965330622068
lang2	intente	lang2	4.958741088598199e-05	0.19237952564344793	0.7523045393339364	1.4650896022409264e-05	0.028935862314771573	0.026315834400935788
lang2	denuevo	lang2	5.840664296132453e-05	0.013547114387859265	0.9829240604296036	0.00013949944096081524	0.00308985041845894	0.0002410686801561554
lang1	gambling	lang1	1.0230691042668697e-05	0.90255479053413	0.08555947986508783	3.6260019342221692e-06	0.009537621822000415	0.0023342510858049875
lang1	chicken	lang1	0.0003896183054551057	0.9123693069239474	0.032104715823439996	5.49654228254486e-06	0.05363520170546869	0.0014956606994063874
other	@mimotivacionf	other	4.584813995257726e-06	4.710443978215884e-05	0.015883711038020786	0.00010044358018565078	2.6683232576470197e-05	0.9839374728954396
lang1	memory	lang1	8.92187651472603e-07	0.9700679613600705	0.007158379487486242	8.507872151014272e-06	0.020324975666890593	0.0024392834257502415
lang2	obstáculos	lang2	2.238080621633365e-06	0.0502269346825204	0.9461473060770258	0.0002618533138303377	0.0001406103914642228	0.0032210574545374284
lang2	ayuda	lang2	8.483616001901492e-05	0.1308271892458259	0.8592399874082959	1.8858066019313092e-05	0.009012888654844184	0.0008162404649955692
lang2	cuentame	lang2	9.613726611778433e-08	0.05988562215893568	0.9191477031181209	0.011798282533668457	0.006827190523751594	0.0023411055282572314
lang1	spm	lang1	0.00014984375861043227	0.7433888469688559	0.007570899597375803	0.00022847436316987627	0.0042075782507417425	0.24445435706124613
other	@worldstarfunny	other	1.948603625182421e-11	0.2150919930228053	4.484634316675662e-09	1.0345524644471169e-09	7.658552484325333e-07	0.7849072355832735
lang2	volverse	lang2	0.00010289058453492053	0.30510778065668953	0.6942969423753695	2.1987883923657974e-06	0.0004897682364801065	4.193585335545984e-07
lang1	bag	lang1	3.360793970906683e-05	0.7359285835382087	0.24334656205283658	1.0996508082565247e-05	0.018284264673471794	0.0023959852876914317
ne	contactas	lang2	0.00014927101102603707	0.3575754820962816	0.6380370847507644	7.73233761499364e-05	0.0025347694147421357	0.0016260693510359438
lang1	combats	lang1	0.00010724046847998927	0.9795977098155582	0.005394758753765165	7.579166312159785e-06	0.006230081333601368	0.008662630462283275
lang2	caprichosa	lang2	3.18525606067691e-07	0.032221575340102525	0.9225480208535796	5.553136842559708e-06	0.018748673129424777	0.02647585901444454
lang1	plot	lang1	7.997815442864343e-05	0.9033256348751637	0.06934300847895836	4.07207301132699e-05	0.004457848165883759	0.02275280959545223
lang2	poderle	lang2	5.5837885109957353e-05	0.25020290714455984	0.7259515006973547	0.0003837556039107494	0.02241405732792818	0.0009919413411366023
lang2	chicas	lang2	0.00011576367446145764	0.2008857516401771	0.7623887919072199	5.872414029860915e-05	0.03377886667583062	0.0027721019620123863
lang2	salds	lang1	3.6416523965081526e-05	0.6405859513919604	0.114624746757486	5.381282903461708e-06	0.21469328216169856	0.03005422188198642
lang2	seguirlo	lang2	2.8445639938978144e-07	0.004735120199070889	0.9775656593336761	8.451741402726301e-05	0.017584531816034314	2.9886780791990095e-05
lang1	everyday	lang1	2.4781435031227435e-06	0.9758926275716562	0.011167980808091046	1.7442165276740366e-05	0.012914923572409734	4.5477390632558595e-06
lang1	deftones	lang1	5.2429715767256335e-06	0.9228930483070595	0.009072490229625502	0.03229402416897436	0.031220338334328284	0.004514855988435665
other	@rawpert	other	1.1283536770794667e-07	0.0030754581825630503	6.451181053384964e-05	2.006107876620255e-05	6.681321979552043e-05	0.9967730428729737
lang1	ability	lang1	2.6376313714574282e-06	0.9209012321867762	0.0014592523778584824	2.372461121850537e-05	0.07662436975898539	0.0009887834337900911
other	encontramos	lang2	9.834770918725619e-09	0.023564306320642967	0.9450468961206064	0.00012558840831190785	0.010501929034318284	0.02076127028134958
ne	alacranes	lang2	6.528355711713879e-06	0.24282204587082798	0.6646440960530381	0.00024173225900085178	0.09153827147386459	0.0007473259875566765
lang2	sabe	lang2	3.2746890831294725e-05	0.15970103526291604	0.739521728032388	6.075375055443512e-07	0.08522664007560424	0.015517242200754707
ne	banks	lang1	6.675181228200399e-05	0.9191287738657754	0.0022576261549122952	8.428461935017836e-06	0.07827774541954326	0.0002606742855519596
lang2	pal	lang2	0.0009285597089416485	0.3918802648866513	0.40035434672876313	0.0007362469488228539	0.16239885895657974	0.043701722770241376
lang2	remedios	lang2	1.8284432175651663e-06	0.2281535869194065	0.7606102014419986	2.132013246233806e-05	0.008691847504861253	0.0025212155580536764
lang2	deseos	lang2	8.102488203998523e-05	0.017497885968060966	0.8993597537890534	0.0009732576010497349	0.069875077741973	0.01221300001782268
lang1	another	lang1	5.443519708570916e-06	0.9403336075976659	0.024543003891581473	0.0005810526211722491	0.034010811026578235	0.0005260813432935631
lang2	analizando	lang2	0.00030124304512860764	0.004892738246633983	0.8972284372847064	9.44192114998502e-06	0.09736658553143296	0.00020155397094814067
other	@haromramos	other	4.5516474243922706e-08	6.686374134079523e-05	0.00885548230507979	4.59134828626152e-06	5.277022265816806e-05	0.9910202468661609
other	goga	lang2	0.0002010708317748649	0.02031593413950531	0.7569666636836178	1.1941164136444023e-05	0.0755627666254352	0.1469416235555304
lang1	movie	lang1	0.00014969793087425603	0.5620973340491584	0.3299517209630832	0.00010638852591209141	0.09107800821415152	0.016616850316820485
lang1	mornings	lang1	3.9564396758641277e-07	0.8812908633439843	0.0007314840447038322	1.1278686805980903e-06	0.11681245156177546	0.0011636775368882688
lang1	tropical	lang1	2.703239019181211e-05	0.5633102301543396	0.3205225301293724	0.002021086681956472	0.11403800451889434	8.111612524562306e-05
lang2	vuelve	lang2	0.018073651855774347	0.005861500840892359	0.955591267188933	3.3097376706425004e-05	0.019906687058389123	0.0005337956793049184
lang1	net	lang1	5.0651503139247896e-05	0.8498071674601716	0.12260377771375296	7.274360810918452e-06	0.02372199499914657	0.0038091339629786596
lang1	leaving	lang1	8.676572993524404e-05	0.9654782290257887	0.007429215718495895	1.7713510189201725e-05	0.022173657269232105	0.004814418746358776
lang1	bruised	lang1	1.2328651246345397e-06	0.8045745293307992	0.12598641720848144	0.0001468706665518698	0.06927066953181278	2.028039723001361e-05
lang2	traduce	lang2	6.876780981785498e-07	0.14819997117893838	0.8271530292389305	5.416643993028283e-05	0.02386687744847928	0.0007252680156233448
lang1	nations	lang1	0.00337375247187036	0.9608719100164469	0.01113224555531669	6.364642647068674e-06	0.02437389430163285	0.0002418330120861029
other	@_bbonjour	other	1.6247560952708863e-05	0.013369836603941244	8.182739486960903e-08	1.3368796763840096e-06	0.004979641061139269	0.9816328560668955
lang1	outage	lang1	6.994788318711812e-07	0.9864787907429795	0.003814653303786991	1.4236748071448483e-05	0.009251065218062194	0.0004405545082678675
lang2	cama	lang2	0.0003368010107542162	0.12451903140356621	0.7217845306708209	0.0010980728408718173	0.09989558665905719	0.05236597741492966
lang1	hooters	lang1	2.2177249194672676e-08	0.9160032005983848	0.06647690855026833	8.732695019223003e-06	0.01710656622806073	0.0004045697510176286
ne	guaje	lang2	0.00033638799365467173	0.06424186874426763	0.7421270510462975	0.00020083513830805605	0.18723696367519826	0.005856893402273731
lang2	hazlo	lang2	3.1539820207500846e-05	0.01473369699048849	0.5605258215847384	0.0005365570455370739	0.4177179231847155	0.006454461374313181
lang1	names	lang2	3.9006215086427936e-05	0.28324584363025535	0.6813307378118513	0.00046613753022762183	0.03355976655858064	0.0013585082539986795
ne	bgs	ne	3.618457767183464e-05	0.3487950891769224	0.0034750234214315045	1.843125120556877e-05	0.6311736950194177	0.016501576553351025
lang1	slide	lang1	1.2821449620761548e-05	0.8460426547313253	0.025420233408749923	2.3830091446020224e-05	0.12828164171754422	0.0002188186013136274
lang1	endless	lang1	2.449304529267892e-07	0.9441861611375884	0.0452928953882605	4.109330987975724e-06	0.009255297466555543	0.0012612917461545113
lang2	marcador	lang2	0.0002579328267631534	0.0565241619562082	0.8328536234428957	0.0001645897687649109	0.10970490640751036	0.0004947855978576942
lang1	restooms	lang1	4.5929930390953683e-07	0.9412436865792829	0.007872383103521858	0.006006436635091085	0.043252204198896665	0.001624830183903533
other	.?	other	0.0018801069983831447	0.034309064026782715	0.011444769688942995	9.051261044150102e-05	0.050470967293059645	0.9018045793823899
other	@2012softball	other	1.4377304442899254e-07	0.0003514615851709117	5.177379539709833e-09	7.14370702161854e-06	0.00015722404998673575	0.9994840217073968
ne	psg	lang1	3.518206952091599e-05	0.7379698859541997	0.01023458889966986	3.18364307753338e-05	0.18696188077670312	0.06476662586913107
lang1	incredibly	lang1	7.171498496777696e-07	0.9944110171896421	0.0017811362707173299	6.054647866522379e-06	0.0033477925110210727	0.0004532822309033591
other	@m_munoz_1995	other	0.0023188982982533407	7.511604573252553e-10	0.00010971006949598154	4.5190862811338566e-07	0.0010649786953294531	0.9965059602771327
lang1	tweeters	lang1	7.35342525958869e-06	0.7008593225393913	0.19563830432763907	1.04577511968468e-06	0.0981105583145484	0.00538341561804191
lang1	downgraded	lang1	1.4037698518476437e-05	0.9513611794369417	0.02294204126646264	0.0013101146014728535	0.024238072961467436	0.00013455403513695284
lang2	envias	lang2	0.000600154533804437	0.024129613947418485	0.9366937950313506	7.071648862199252e-05	0.03838010235081765	0.0001256176479868118
lang2	prometido	lang2	7.153268549692952e-06	0.15489839028148	0.8305080483445846	1.205116220004484e-06	0.013284984674946562	0.001300218314219197
lang1	birthday	lang1	6.893083233908267e-09	0.9199678179095792	0.009331716391466956	0.0001722761086121896	0.07047761146413047	5.0571233128065356e-05
lang1	flu	lang1	0.0028942221947704898	0.6556425512025953	0.1533916421366787	0.00033534377709027916	0.0865032601431834	0.10123298054568197
lang1	part	lang1	1.1077489464734628e-05	0.5430981089234719	0.2836819950048455	0.004993597460434769	0.16494016206703177	0.0032750590547513257
lang1	snikers	lang1	1.3505333488070512e-06	0.5588990601491609	0.04097458065733668	4.007696414083735e-06	0.3997095443263704	0.0004114566373693715
other	@varas	other	3.4849397823603875e-06	8.606300702500728e-06	0.016891640952252235	8.822825671889713e-06	0.0003294938968964166	0.9827579510846945
other	hahahahahahahabhbbahaha	other	7.70727020075214e-06	0.3419229084096115	0.03702465745871925	8.205315076050649e-05	0.0050048656684255075	0.6159578080422825
lang1	dimples	lang2	1.0269979232947135e-06	0.45336485506156365	0.5395905949773143	0.0002982783269237504	0.0066111970258386716	0.0001340476104362759
lang2	razón	lang2	3.8280931609433625e-05	0.0005937304191641874	0.9222416462065883	0.00013468760954624866	0.043088204288453946	0.033903450544637816
ne	mustang	lang1	5.511544704401064e-06	0.8039830530878984	0.05179737605398373	6.116521608555247e-05	0.1437500038559773	0.0004028902413505168
ne	victor	lang1	2.9610908894795112e-05	0.3872157572700475	0.3276612683683679	0.0011268162472529762	0.2768608165197041	0.007105730685732597
lang1	pink	lang1	0.001430460647488721	0.9623856205289277	0.005199789996078703	8.202212780794609e-06	0.028339607925090556	0.0026363186896336556
lang2	mereses	lang2	3.3156776269868887e-07	0.42211367106423164	0.5479501019868166	0.01259299829121823	0.014446258289590277	0.002896638800380583
lang2	correcta	lang2	6.986927413661044e-05	0.0711974915146357	0.9009394832631535	9.571810708517377e-05	0.02762479809810894	7.263974287997706e-05
lang2	atragantarse/comer	lang2	1.1199317879344404e-07	0.14678088640953033	0.849365259139623	0.00023915565945678511	0.003610513926797361	4.072871413792052e-06
lang1	allbaad	lang1	0.00039356810194330944	0.8379543280284862	0.0426525584535355	6.919980783086198e-05	0.07158712515860345	0.04734322044960065
lang1	stomach	lang1	0.00016388211715275092	0.6331732943145684	0.2797049985700762	1.226831250797675e-05	0.08596519099988943	0.0009803656858050594
lang2	quiere	lang2	1.628303035776745e-06	0.27611538476905667	0.6781571861189807	0.00039700874604396745	0.044876638715245394	0.00045215334763754435
lang2	podre	lang2	1.1048551090658408e-05	0.304921609511198	0.65856157374052	2.5001257598587362e-05	0.03598517572114082	0.0004955912184518298
lang2	torta	lang2	1.3396681222932607e-05	0.006546051603287499	0.7957928117909094	0.0007385624893601676	0.16635743161578628	0.030551745819433557
lang2	vivir	lang2	0.00019310444051447883	0.2828162220731807	0.5783782844257067	0.003356223428943557	0.0605197435313277	0.07473642210032687
lang1	crap	lang1	2.5590307240356682e-05	0.5632388832295551	0.3569609321155915	0.0009030023834907946	0.05938014550235647	0.019491446461765913
lang2	dejándome	lang2	0.00035751233732335077	0.00018108325481851765	0.9981725738381051	0.00037941692412732906	0.00023558573980553233	0.000673827905820142
lang1	exist	lang1	3.201125646480213e-05	0.7269296001562157	0.038230884423638443	4.661514205539137e-05	0.18900212115747597	0.045758767864149605
lang1	know	lang1	0.1906712145678953	0.7856965519629547	0.0006708129080286234	1.043916393546207e-06	0.0022961936626397952	0.020664182982088206
ne	dominguez	lang2	1.155368373284623e-05	0.0903476002127373	0.5896009962915739	8.257505567921851e-06	0.3197910167600838	0.00024057554630422317
lang1	report	lang1	8.255098278063133e-07	0.6021813073342587	0.38771891362454586	0.00010573719339760588	0.0034513989542871437	0.0065418173836829276
lang2	niegas	lang2	1.0507769193987028e-05	0.06985253807963832	0.8818706201496427	6.332382863857507e-06	0.03888521044967588	0.009374791168985278
lang1	yup	lang1	0.00015982947850102952	0.7423325832542736	0.20534293982383955	5.10314797591997e-05	0.01628131240895501	0.035832303554671624
lang2	dia	lang2	0.0035072920234609506	0.08769242684487312	0.752637941723644	9.512307328582687e-06	0.1394707643210225	0.016682062779670777
lang1	asleep	lang1	0.0035672875795016395	0.8502166785118229	0.1180633966473604	3.503748008506017e-05	0.026763983668296396	0.001353616112933763
lang1	story	lang1	8.744776777996354e-07	0.9079595956755335	0.0006353736044721411	1.4966099372932028e-05	0.08941069957216863	0.001978490570774963
lang1	apts	lang1	5.351782079477137e-06	0.9650951426311403	0.004113838422723105	3.156844442309791e-05	0.0031898159544001465	0.02756428276523397
lang2	goool	lang1	5.1750321552980244e-05	0.6446074398342128	0.1909268131689256	0.0002557679683556594	0.12419083162405714	0.039967397082895824
ne	roadhouse	ne	2.088574312371049e-07	0.43485979842819994	0.0005769229149672731	2.403752818774674e-06	0.5644538896659351	0.0001067763806477447
lang2	amaron	lang2	0.0007184438744792838	0.15310281640927623	0.5638568884649545	4.2589067502586374e-05	0.2811076674472314	0.0011715947365560232
lang1	remain	lang1	6.729844808740874e-05	0.7088027431155955	0.25044878615379307	3.0928233140599025e-06	0.03900199921285636	0.0016760802463536273
lang2	puercooo	lang2	0.00012559223516741503	0.10129133833740185	0.8822119082818297	0.0002328790461683177	0.015744048971387786	0.0003942331280449628
lang2	celoso	lang2	0.0005988646572764552	0.07614147777453364	0.898886553463227	1.7727083689642986e-06	0.021584000480984297	0.0027873309156096174
lang2	ocultar	lang2	1.0365591811259928e-06	0.09331691135206278	0.8145492254528529	0.002381242062236474	0.08965815640818264	9.342816548400985e-05
lang1	misplaced	lang1	9.053939376925496e-05	0.9470317384537396	0.0260088717473074	0.002188187845860689	0.024028195934483586	0.0006524666248396122
lang1	seshes	lang1	1.7113509854886658e-06	0.8366035147173044	0.07736700580814071	0.03420158227875564	0.03223375431867706	0.01959243152613657
other	@antonfeliz	other	2.016928682081489e-06	4.11393344173534e-06	0.007400158147541577	3.228577121887938e-05	0.018639594177698268	0.9739218310414175
lang2	ideó	lang2	0.0001893559614050535	0.049245083337831924	0.9287657421567814	0.0007160903560934247	0.0005737980180792543	0.020509930169809103
lang2	pina	lang2	0.0060493534690369815	0.176808865870189	0.6879234820161936	1.636119224821425e-05	0.12741642408024093	0.0017855133720912103
lang1	motions	lang1	2.4839299610569522e-05	0.9902624039967458	0.005770648327854144	1.1428316232341476e-06	0.0026617896554101982	0.0012791758887560785
lang1	cloak	lang1	0.0007751731211505196	0.8895778529560904	0.003596256635290391	0.0019634095439231727	0.10087172000513128	0.0032155877384141738
lang2	piel	lang1	0.0002514457847432133	0.4586852615482204	0.4078278841866081	8.147917820606167e-06	0.1293327328334143	0.0038945277291934062
lang1	swollen	lang1	6.613864288046723e-05	0.9820878893544037	0.009495969622864853	5.457810937308442e-07	0.0028498282930942893	0.0054996283056629215
lang1	quick	lang1	0.0002542442776160718	0.896989678377878	0.0039341657105704635	0.0003588736975746366	0.0978766959383421	0.0005863419980185742
lang1	likely	lang1	1.3007244924866475e-05	0.7942974968861196	0.0011839319058976154	2.3867439091589045e-06	0.20052099306004587	0.003982184159102812
lang2	pulga	lang2	3.811495397033772e-05	0.01490765368237274	0.9584349559836961	0.0002507459906926672	0.02069984913022647	0.005668680259041787
lang2	pipippipi	lang1	0.0003286523962187167	0.933004966351062	0.03485767613803165	6.045807486691429e-05	0.02156503331203903	0.010183213727781668
lang1	nb	lang1	0.003582657496501734	0.6657473598502349	0.29223373205071534	7.190151836382724e-06	0.009450549405989979	0.02897851104472172
other	@loudweeddaily	other	4.862844600927684e-07	0.0470808907907574	2.8109936495969325e-10	2.638178648285485e-06	5.494450793003385e-05	0.9528610399571048
lang2	mudarse	lang2	0.00015710523837888374	0.18384266661978246	0.7863665839743933	1.2705981829768457e-05	0.029620174031941487	7.641536739831146e-07
lang1	link	lang1	0.0024744973504441025	0.921867761023427	0.0020472168024645533	6.457557863977314e-06	0.06735683460249288	0.006247232663307324
lang1	founded	lang1	4.051210784431546e-05	0.9809321175179379	0.005546326096606783	1.2829521313894954e-05	0.011518657858204424	0.0019495568980927994
lang1	porn	lang2	9.016945512810733e-05	0.4256531043929785	0.5590551611564731	6.3513627920892785e-06	0.012212602195629512	0.002982611436998636
lang2	jajajjaajajaj	lang2	0.024945484834119947	0.09259923084930784	0.53983122589388	0.00012635332949887998	0.004771993589912818	0.33772571150328046
lang1	envelope	lang2	0.0020553831817949285	0.44668605354136637	0.534200051955369	0.00018975580535914843	0.016797535934731992	7.121958137841149e-05
lang1	slope	lang1	0.00045624283421774294	0.8809764779888748	0.02709920481670085	0.00036561051910458965	0.0909124068443815	0.00019005699672039193
lang1	wtf	lang1	0.0005160140632562301	0.9421585399931617	0.00071922089477054	3.350913176076148e-05	0.005738949739909155	0.05083376617714175
lang2	conformarte	lang2	2.614119822376339e-06	0.06331667114163447	0.9062486103053408	0.0004539527641911367	0.029897468523579832	8.068314543141545e-05
lang1	ditch	lang1	0.0002639654612578211	0.8502531521010017	0.10985487191758779	5.9296358136983986e-05	0.027596141842385933	0.011972572319629641
lang2	estudiarlo	lang2	8.755463050497172e-06	0.0023439343310425746	0.9870339458927003	1.2563497372357931e-05	0.010577601160542774	2.3199655291307283e-05
lang2	nervioso/inquietoi	lang2	9.940339511567106e-07	0.04520640259879283	0.80717311676586	1.8616273788187613e-05	0.14760076160396515	1.0872364262380326e-07
other	@theweedtweets	other	9.179233216515882e-08	0.01935618822052394	6.337197590841865e-09	7.660013371513125e-06	0.0004236276431272456	0.9802124259934475
lang1	singing	lang1	0.00037734609183668146	0.9537244302282534	0.026849011706738136	5.867406014784627e-06	0.012894270784089001	0.0061490737830681395
lang1	parade	lang2	2.4152134696751347e-05	0.14615057633860032	0.7779858462043173	0.008753132579647162	0.06670040414002328	0.0003858886027152993
lang1	drugs	lang1	1.227332546223143e-06	0.9441034226690319	0.007726694753038977	4.888297854289959e-06	0.0463968497688187	0.0017669171787098486
lang1	bullyingintimidación	lang1	2.850054349160423e-07	0.9891183226530451	0.010605634533815621	3.795546952262427e-06	0.0002612335778616317	1.072868289062477e-05
other	@flakonimal	other	7.549910361373543e-05	0.0005841484919218424	1.8260622110315063e-05	0.00014270441095779122	0.004201786701826736	0.9949776006695696
lang1	weak	lang1	0.00018762786858053554	0.9026487670520309	0.0027625734529604274	3.408059614051596e-05	0.06314706038402873	0.03121989064625892
lang1	shorter	lang1	1.1086423429495906e-08	0.8661915112210569	0.06164534897812893	0.00014652822358240727	0.05660273709931079	0.015413863391497425
lang1	beats	lang1	3.391312370508074e-05	0.9275877392935465	0.0003885545672931483	5.209871701469969e-06	0.05802900749226848	0.013955575651485187
lang2	compensar	lang2	3.0003846021078814e-06	0.2515015939723055	0.735021528056069	1.0116088645584903e-06	0.013456276684897331	1.6589293261824814e-05
lang2	despertabas	lang2	4.6916558003643586e-08	0.014075255850091454	0.965500145126233	0.010405001457145761	0.009498567937700826	0.0005209827122707426
lang1	attend	lang1	2.9989534366630003e-06	0.9430778352479299	0.006355666984809555	3.3154148729549796e-05	0.04914973197798964	0.0013806126871046952
lang1	pessimistic	lang1	1.959988213050041e-06	0.8485852132350303	0.02917261169992068	0.007988384923753871	0.10732330865587558	0.0069285214972064505
other	60	other	0.0006172461416323103	0.216468300064236	0.0035510319373101367	8.240846495224936e-05	0.03552120236213158	0.7437598110297376
lang1	give	lang1	6.034240202564153e-05	0.8906297405776304	0.058453598282857525	0.0008842713551134391	0.04963952610722047	0.0003325212751525968
lang2	chingando	lang2	0.0001763665765141641	0.06740248740713026	0.8882920749853568	2.6123578909518644e-06	0.04393670580960367	0.00018975286350402648
lang2	esfuerzo	lang2	1.0001992256131537e-05	0.005239081508615517	0.9944298154290157	4.087146809670123e-05	4.948898438383008e-05	0.0002307406176321578
other	jajajajjajaja	lang2	0.002748971645654461	0.16439354116061544	0.5331730647363417	4.4545489867313246e-05	0.011491634004620482	0.2881482429629007
lang2	enamoras	lang2	4.756433532516379e-06	0.020616343286144378	0.8575521795347681	4.912717753493698e-05	0.12122941535502903	0.000548178212990978
other	*	other	0.003189057234053359	0.26358710093411486	0.05096990855589767	9.347821649811276e-05	0.019339511121130602	0.6628209439383053
lang2	pongas	lang2	2.945612692422763e-05	0.08209769626036038	0.7992241298135593	2.033055047879385e-05	0.11338675951836324	0.005241627730314053
lang2	oleee	lang1	0.005717848870416996	0.6791001548101159	0.17691308755387747	8.896959661864719e-06	0.01641458479155952	0.12184542701436842
ne	adimitir	lang2	4.821409090856665e-05	0.2146621875044283	0.7712767246186261	1.5880118906617703e-05	0.013423157035296106	0.000573836631834218
lang1	mannnn	lang1	0.003773710530587428	0.6918474354921956	0.03157711767701233	0.0006008334947795491	0.20979022092908542	0.0624106818763396
other	19	other	0.0156220196483714	0.004435033013694945	0.03968752958775497	6.51592093536403e-05	0.054906784044827156	0.8852834744959979
lang1	wahcing	lang1	0.0010246837120279604	0.9601463638076888	0.0005050915295416176	7.597472074944545e-05	0.015994556623413758	0.02225332960657836
lang1	standout	lang1	6.130119539165579e-08	0.9737105638728436	0.007865644492599966	1.2443268261731738e-06	0.017263859755869804	0.0011586262506651165
other	==d	lang1	0.0009500336192501663	0.7938108790815639	0.05828800404624879	5.850073933227657e-05	0.03290668583775047	0.11398589667585447
lang2	podras	lang2	7.849896272905711e-06	0.06703366276402566	0.8572665401539747	1.9235080464249716e-05	0.0754713694373508	0.00020134266791166242
lang1	#nightlife	lang1	4.2501803667727897e-07	0.8910037350678801	0.00017652554999362925	0.0002280031741138471	0.10780561719047006	0.0007856939995059534
lang1	lucky	lang1	0.0002267002928350911	0.5975970054871178	7.925429986233037e-05	0.0001840565572390812	0.2886340483961053	0.1132789349668405
lang1	finish	lang1	0.0004718806074996505	0.8547671492513554	0.0073774158667632445	0.0004012824018119383	0.07580482889012946	0.06117744298244027
lang1	impossibly	lang1	5.888425514505304e-07	0.9924494061824577	0.0015085686576145566	0.0010147571266472828	0.004692343297076074	0.000334335893653065
lang1	creepy	lang1	7.985208006131025e-05	0.9708373343423748	0.014589164544579094	7.148425053163013e-05	0.012201320393838078	0.0022208443886150026
other	@bestproadvice	other	1.0465816654628485e-07	0.04047006324305762	5.01683741679697e-06	9.689672033642751e-06	0.00011556789766422977	0.9593995576916612
lang1	holy	lang1	1.1091811682007639e-05	0.9038183012654244	0.001846256685986309	6.555732672737104e-05	0.07411041590834652	0.02014837700183336
other	@the_race_draft	other	6.389123115946965e-08	0.006329991792725147	9.396262659092233e-08	0.007479340667669989	6.329828300393408e-05	0.9861272114027432
other	0.0	other	0.0005296917017637344	0.02914921742384772	0.0005969064814448816	8.188825608648631e-05	0.03863126364210803	0.9310110324947493
lang2	verdadera	lang2	2.537174718440655e-05	0.0072091888369239425	0.9654776164974419	0.0019661763418507504	0.025290832570956767	3.0814005642193174e-05
lang1	#txstfollowtrain	lang1	8.26396920246816e-08	0.9170532119468797	6.54476644810051e-05	2.742007883327643e-07	0.08053840342273079	0.0023425801254280685
other	9th	other	3.619447335316123e-05	0.15579886918718489	0.008762700058012765	0.0015009120386502508	0.09749681651120143	0.7364045077315975
ne	dobbyyy	lang1	0.004998614848246797	0.6339177435479437	0.03868182346710994	1.024153499540344e-05	0.3211085098596215	0.001283066742082614
lang1	nd	lang1	0.0004244903579577651	0.7810033394419446	0.024313854542518477	4.686383659250303e-06	0.025298598218867315	0.16895503105505275
ne	spain	lang1	1.7371142780737273e-05	0.839947227061992	0.05253504856031848	9.578030013749643e-06	0.0941750450563011	0.013315730148594041
other	#420	other	0.0010511568608416303	0.029140451197480616	0.00018869963202098125	3.9038679987116224e-05	0.04459536201692068	0.924985291612749
lang2	sacado	lang2	0.00016730152968397018	0.009557527576894605	0.9482586471896864	2.9747472966862256e-06	0.04040743703247949	0.001606111923958922
lang1	blocked	lang1	1.1177420073677992e-05	0.9803852948739319	0.000605086185139499	0.00019697648968503335	0.018669858101550023	0.0001316069296198088
other	sativa	ne	9.944345694259534e-06	0.23238263087404215	0.2922665215573658	0.00013311795583410195	0.4421428482318644	0.033064937035199304
lang2	kedado	lang2	0.0005400661966424549	0.009303086167884065	0.9139738871853873	0.0001710598955365156	0.07576511792509766	0.00024678262945196936
ne	eng	lang1	0.00014921212039676257	0.7942189170427812	0.1196015123563159	3.5356916311779266e-05	0.055825911351335106	0.030169090212859167
lang1	sick	lang1	0.0010274261588342707	0.9202209049408793	0.0009618795075431723	7.745237547264769e-05	0.05616758978206832	0.021544747235202368
lang1	cartoon	lang2	3.914553766209853e-06	0.25541708482629344	0.4981267009743577	0.001713263867220801	0.24367569921580076	0.001063336562560979
lang1	us	lang1	0.00016739111203863642	0.5260867330879224	0.270546284045324	7.972323298229392e-06	0.06190638141779175	0.1412852380136251
lang2	salon	lang2	2.0852379349327778e-05	0.16779752869802342	0.7025897538396915	4.318963990753673e-06	0.12371904870982527	0.005868497409119698
lang1	saved	lang1	2.8991784290770738e-06	0.9360726830211649	0.04303907911756465	3.7493789511540143e-06	0.02053481425210508	0.0003467750517851025
lang2	bi	lang1	0.0007806615072441283	0.4160106324620589	0.30116863189909043	3.587621691802191e-05	0.17726014670885162	0.10474405120583688
lang1	tempting	lang1	3.3942237611648945e-05	0.9455260192993384	0.0510289620202798	4.556729453617474e-06	0.0005100126283713982	0.0028965070849450957
ne	lordalabado	lang2	2.3661795486247782e-05	0.0003283001922727654	0.8672497041992083	2.5468908359636492e-05	0.01728740454457317	0.11508546036009995
lang2	mochale	lang2	1.3426824072521782e-05	0.2551187729539578	0.6236902705985415	0.00014145584235597465	0.11830466146308607	0.0027314123179861855
lang1	completely	lang1	1.4050872908511538e-05	0.9759975315944743	0.004554100637005587	4.58935610226114e-06	0.01927393090781038	0.00015579663169872933
lang1	tucked	lang1	3.841246295057843e-06	0.9568593817847926	0.0007981011634892107	6.36707160136663e-05	0.034625080447136934	0.007649924642272614
lang2	francés	lang2	1.202193377545359e-05	0.01754015779624152	0.9610917219748245	0.00022233012703358788	0.019541620959756888	0.0015921472083681107
lang2	guerra	lang2	3.5051517769140785e-06	0.013331524747255848	0.8061018465136842	0.0019646879386215725	0.16684824342763493	0.011750192221026608
lang1	afraid	lang1	6.806158759062873e-07	0.8489428548443704	0.02619847072016778	0.0002493752259981444	0.08150122831146366	0.04310739028212428
lang1	saving	lang1	2.230423901305283e-05	0.9110968202154534	0.041364403402342126	1.573474916628047e-06	0.044571419985432986	0.0029434786828418367
lang2	gran	lang1	4.57602750392341e-05	0.5141395317901568	0.35784568576805076	0.011716081046901097	0.08240825953701546	0.03384468158283663
lang2	obra	lang2	0.0001557749886398841	0.07168810261825305	0.5739830548915585	1.4219474607920077e-05	0.2977713599598509	0.056387488067089625
lang2	crudo	lang2	0.002300221543099571	0.04140220354101728	0.9221962061091468	5.534479129517413e-06	0.029259595541110035	0.004836238786496758
lang2	nombreeee	lang2	0.0011927348846327793	0.39952294607867034	0.5601824188350288	8.651390188107851e-07	0.002028592841654815	0.03707244222099443
lang2	acaban	lang2	0.0002107813566894063	0.1974112680062568	0.7169032203448461	2.4583606158353964e-05	0.05737305606674065	0.028077090619308742
ne	#ahhhhh	other	0.000446841698098603	0.3460952153748727	0.018358697009059347	0.00030512838707086033	0.08484444989095555	0.5499496676399431
ne	florida	lang2	1.107875259280915e-05	0.23410077471977872	0.5428063813242631	1.6532067185151946e-05	0.22230568706365286	0.0007595460725274766
ne	bergkamp	ne	6.497546470511707e-06	0.1517497388105695	0.024779350240049996	0.0006301990949087088	0.8225463129073942	0.00028790140060706946
lang2	alaba	lang2	0.0009010530857647475	0.08692329462935595	0.5383028988508769	3.7156494708411695e-05	0.031873445513774766	0.34196215142551917
ne	manuelle-	ne	0.00010313271988719447	0.02229153088210095	0.43056087014897204	8.506344049706844e-05	0.5443158969647618	0.0026435058437810407
other	!!!!!!!!!!!!!	other	0.0019816121468657485	0.0809403294033883	0.061872762063450604	9.102586294394183e-05	0.005344559041448426	0.8497697114819031
lang2	despeje	lang2	2.4768955189651815e-05	0.09231962720808486	0.8970443890542644	0.0008171029411138786	0.008955794940909133	0.0008383169004380695
lang1	stressful	lang1	8.151934626524035e-08	0.9592247921571379	0.0402721164747651	2.7126236643961023e-05	7.091062046846745e-05	0.00040497299163865555
lang2	#felizanonuevo	lang2	5.1833258478398555e-06	0.0003622351779908864	0.9143223832605024	4.538499235072871e-06	0.08526967822680723	3.598150961657126e-05
lang2	cómo	lang2	0.0011279164435595102	0.002418278297071455	0.9493484230653997	0.0010229603889475066	0.0038995398702555925	0.04218288193476631
lang2	corriente	lang2	0.00014648933719711626	0.02142440871570293	0.9606942038009821	1.5776681315937242e-06	0.015590497196243822	0.0021428232817424465
lang1	grandmas	lang1	3.5336626062559046e-06	0.8714754373535497	0.05273984314186774	0.002503022519713383	0.07090099208518097	0.002377171237081957
lang2	cuadra	lang2	2.45358525982233e-06	0.04553116928641574	0.8215465792161796	0.0002249357669053518	0.13050319647191538	0.002191665673324059
lang1	kinder	lang2	0.00024440923564639043	0.16181146288116013	0.66430886587502	1.898691503525578e-05	0.17072015665709794	0.0028961184360402907
ne	guanajuato	lang2	0.017952042017757425	0.01242165230579774	0.5291326748498728	0.003494417805580305	0.4357614378460563	0.0012377751749353717
lang1	owners	lang1	6.104336967900014e-06	0.8967218943616898	0.00035704204098978363	2.889959394910656e-07	0.10283186376160869	8.280650280443263e-05
lang1	budder	lang1	0.016469396156993537	0.8601951456604441	0.005318276181510027	0.0001933524326890101	0.01950859691866955	0.09831523264969375
lang1	sites	lang2	5.154489258716686e-05	0.3742273240856292	0.6048323735870884	0.0023968677282853457	0.009848078047173794	0.00864381165923612
lang1	hhahaha	other	6.844574901724571e-05	0.314173886231943	0.17907190488435998	0.0003809130524356123	0.04159122531929341	0.4647136247629509
lang1	appointment	lang1	2.588009381647022e-06	0.9282573300158385	0.011237759322783482	0.00011119496257260987	0.060365644420673534	2.5483268750110843e-05
lang2	sabroso	lang2	1.1180387452509417e-05	0.00042423983725104527	0.9162460914454158	3.4189791606471837e-07	0.07590905239940954	0.007409094032555084
lang1	salt	lang1	1.7278708768743914e-05	0.6523090595056293	0.27147825756174476	7.2060728961008675e-06	0.06940596185953683	0.006782236291424234
lang1	tweet	lang1	0.001079987890875722	0.7704991728210159	0.05365016509465876	4.075973045869197e-06	0.03727145057604029	0.1374951476443635
lang2	pija	lang2	0.0002968793599564433	0.030768262736455033	0.9270345303140706	6.579576274587913e-05	0.03977328490790594	0.002061246918866202
lang1	asked	lang1	0.001230726025563485	0.9349570187981182	0.007660785726226322	6.221801048133548e-05	0.05589759064760336	0.00019166079200729608
lang2	espadas	lang2	1.5016937279570053e-05	0.02899623162998485	0.9357648355041308	0.002828181126514648	0.0320591684323533	0.00033656636973686596
lang1	silver	lang1	0.00106387431300846	0.584089433161165	0.3979030063264917	0.0008779516813007053	0.01599219115853058	7.35433595033312e-05
lang1	women	lang1	0.0001029679725472683	0.9346329312251049	0.05717510314471894	1.0653158981016919e-05	0.0009455500017293486	0.007132794496918543
lang1	plants	lang1	0.00012421722279177218	0.967010439621047	0.005400629304180294	0.00017497848306896314	0.018238948824562846	0.009050786544349109
lang2	capacidades	lang2	2.3298976135005257e-07	0.032071066582082405	0.9546311003417245	0.009717321495571536	0.0034970573630821724	8.322122777807478e-05
lang1	out/did	lang1	1.2886274360836863e-05	0.9560193036734443	0.0004896450517901508	1.0102798302544315e-06	0.01658581121655961	0.02689134350401482
ne	sonic	lang1	6.512209113446282e-06	0.5129335995278576	0.14008127906266601	2.9262677800238226e-05	0.3405539507251171	0.00639539579744565
lang1	famous	lang1	2.5350964448653656e-06	0.9290690107089643	0.0033565033705606636	1.1777485014632709e-05	0.03549823177947882	0.03206194155953675
lang1	wood	lang1	0.00020795326616594094	0.9814100919533162	0.00303039032803992	9.185185123317433e-06	0.0007773527550655181	0.01456502651228896
ne	seth	lang1	1.2465563441768167e-06	0.954504634384284	0.005385348246249653	0.00014432348559215513	0.03699082314210477	0.0029736241854252028
lang1	craving	lang1	1.891649693139433e-05	0.9191540637721811	0.03027135602729399	2.5976586615321548e-05	0.04778401475810959	0.0027456723588686134
lang2	dónde	lang2	0.0005162637000599796	0.011605778658809502	0.9516959734208462	0.00019112178194109408	0.0009078708902388418	0.0350829915481045
lang1	documentary	lang1	5.568041560318713e-08	0.8047303748464248	0.1230750698411116	0.003347660030989345	0.06884619581124984	6.437898086215453e-07
lang1	blowing	lang1	0.00041348651212314393	0.995116163073269	0.0012872956380449664	3.804989178017815e-07	0.003169180944676892	1.3493332968152632e-05
lang2	siglo	lang2	8.983344621550068e-05	0.10839598098882972	0.8165959442254548	0.00041994873550412024	0.00795272456292304	0.06654556804107273
lang1	smalls	lang1	0.00013945585381614582	0.8529287679714727	0.05302034485262444	4.6422815058182754e-05	0.09233750280076292	0.001527505706265787
ne	chicharito	lang2	0.004077311106509753	0.022258151458153286	0.8263115141594962	4.7201792866093314e-05	0.1461946259489498	0.0011111955340247677
ne	felipe	lang1	7.52354921583363e-05	0.5712495673018694	0.1910081900812329	7.007777778340397e-06	0.2314756441949455	0.006184355152015366
lang1	hard	lang1	6.6431520894504745e-06	0.8062812386846083	0.13829260613988653	0.00014937316845265052	0.043773968573635406	0.01149617028132757
lang1	middle	lang1	9.996129620584396e-06	0.9646247619603675	0.003592211114922181	4.5214846251723344e-05	0.017883128334509276	0.013844687614328678
lang1	selling	lang1	6.951304518934851e-06	0.9649685987618055	0.009424615481552486	4.100158566613948e-07	0.025570739483667053	2.868495259933494e-05
lang2	mencionar	lang2	0.0005080559573935123	0.023598737332060964	0.957434258964017	0.002472021278526433	0.01576802838643625	0.0002188980815658752
lang1	body	lang1	8.205026278599053e-05	0.8314994931625286	0.0038256170591345617	2.5979269776748585e-05	0.16411831653135206	0.0004485437144221224
lang2	usar	lang2	8.331929539743175e-06	0.11139789043332775	0.7685035520188299	1.996217762595108e-06	0.11342454644028474	0.00666368296025516
ne	rebecca	ne	8.054884937413333e-05	0.21042211145959472	0.24408123528211767	0.00016182072456188008	0.5443889600988753	0.0008653235854764043
lang1	rip	lang1	0.0026011836863883363	0.5658547874725478	0.1267674602280518	0.00016606381859932996	0.25690135228804317	0.04770915250636952
lang1	drinks	lang1	0.00012624784011689108	0.7958782979438443	0.0003206273076421326	2.722063562887394e-07	0.20365771783878367	1.683686325662793e-05
lang2	sido	lang2	0.00019226164620174982	0.08299013162367425	0.8731395295377774	1.1076565858376817e-05	0.028754893244499237	0.01491210738198893
lang2	sensación	lang2	3.5266510928645476e-06	0.0016739170018873503	0.9964882927487921	2.9025100547266657e-05	0.0005957359961959314	0.0012095025014843364
lang1	yeav	lang1	2.266778763798082e-05	0.8723192212488377	0.013281997586915416	7.800539124161659e-05	0.08124642987723943	0.03305167810812802
lang1	dumbass	lang1	5.687039956293019e-05	0.9155742569531793	0.07087106891271731	1.7003423401951896e-05	0.009466913363820367	0.0040138869473181574
lang2	engreído/petulante	lang2	3.792368440159661e-08	7.771731731585977e-06	0.9949591188189826	0.0004649263137467303	0.002832752675578599	0.0017353925362763774
lang2	casos	lang2	0.0004262413931288647	0.012968639532253036	0.9494345424740394	8.543897004487699e-05	0.02290951817030973	0.014175619460224066
lang1	construction	lang1	2.7652993818859344e-06	0.9313818695028931	0.06538428804442234	1.102486271289266e-05	0.001486964421697709	0.001733087868892025
